[Setup]
bed_pos = -1170
x_off = 0
y_off = 0
x_rot = 0
y_rot = 0

[Phantom]
type = xcat

[XCAT]
xcat_dir = /home/obriaint/projects/def-bazalova/obriaint/XCAT/DXCAT2/
param_file = petct_motion.samp.par
skip_eq_mat = 0
resp_start_ph_index = 0.0
pixel_width = 0.4
slice_width = 0.2
array_size = 152
startslice = 592
endslice = 699
out_frames = 24
recon_frames = 6
thickness_skin = 0.2
gender = 0
x_location = 60
y_location = 80
z_location = 53
lesn_diameter = 25
lesion_actconc = 16000
heart_actconc = 5000
background1_actconc = 800
background2_actconc = 3000
background3_actconc = 4000
bladder1_actconc = 8000
bladder2_actconc = 4000
liver_actconc = 6000
lung_actconc = 700
kidney_actconc = 7000
spleen_actconc = 3500
esophagus_actconc = 4500
bone_actconc = 3200
prostate_actconc = 5500
uterus_actconc = 5500
vagina_actconc = 3200
ovary_actconc = 3900
skin_actconc = 1200
pancreas_actconc = 3300
stwall_actconc = 2900
spinalcord_actconc = 2100
bonemarrow_actconc = 3800

[Simulation]
scan_time = 600
ref_time = 100
num_jobs = 2000
ener_res = 0.18
cryst_res = [0.15, 0.35]
quantum_eff = 1.
multi_policy = all
coinc_window = 4.0625
time_blur = 0.0005
account = def-curibe
mem = 4
job_time = 00-03:00
recon_rb_phase_times = [56.2, 105.47, 67.55, 58.25, 88.9, 208.73]
recon_phases = [1, 2, 3, 4, 5, 6]
recon_fn_phase_times = [0.46200000000021646, 22.77000000001067, 19.27200000000903, 11.517000000005396, 8.349000000003912, 7.161000000003355, 6.996000000003278, 7.425000000003479, 10.989000000005149, 5.082000000002381]

[Reconstruction]
jsrecon = True

[Notes]
comment = Lung on diaphragm, testing AP expansion.

